-6.912185242808558 3.8
-6.988086178040583 4.0
-9.922216335879318 -4.982732434753014
-8.956573548749038 -4.414625505242606
-7.976214885543186 -3.982776075771357
-6.905073275206881 -3.465091182283795
-5.905721539049105 -2.90671402155722
-4.9411794025420654 -1.9091613044390534
-4.2423016807753156 -1.4383733158822087
-3.453953845858316 -0.965268485569488
4.914562304635348 2.819403198012377
4.930183322613316 2.1151489640334455
5.074049784600597 2.8766335388776767
4.147039645794639 2.563204716358829
0.12504976396930875 -1.8035079396362514
0.10280792502363101 -1.9975265198567895
5.0 -3.0
0.0 5.001017989224308
3.005827689797991 5.007148940238882
-6.7123 4.125
