13.51372985398308 45.03355641150783
15.075594712855686 55.97440969831794
19.71316191003929 50.68096395347217
15.931428517985147 50.22754985912335
14.874819905855482 47.48073813550022
13.931568274820258 58.75769963677742
17.750391979981984 52.17779757677617
19.91088607568684 56.65212370151623
16.340539350305328 45.22907187468091
17.19164185133713 56.24288705919632
13.176362915995153 57.5388483296069
12.797565355584442 50.89661108407024
15.947518720090532 59.145845954945344
14.161353315861934 42.044309247066984
12.493732854115349 58.01301178314578
17.338624421549625 51.90394731847631
17.375307898982374 59.3571693418334
19.592419813320745 55.481184780809905
13.111701839385159 57.28176512503505
19.159418436493123 57.23567752216485
13.997328024640957 45.88289167554521
15.302253739571894 58.13141293871926
17.37456424244293 56.337279798306206
15.671711216543637 46.88567770796201
13.340350911917927 51.16379285822804
19.124988337628313 54.822714009357156
13.955246731078876 49.93245964638682
18.432603986367575 59.255448881462684
13.056524976951785 48.05035735326425
17.804771981240513 49.20686946946867
12.062924216983646 45.26611225628154
15.451934000832736 50.82629607675226
16.270746069381318 45.242486563892186
19.526551919144907 54.94337924297427
13.956311359901413 48.66087696010116
16.46531436363525 53.789791080268905
15.213337619461939 44.317202661764696
17.888663395029162 58.20925079513755
15.699501399659287 42.79754957259722
16.85422283212859 55.835283778476224
19.901814326581256 51.51700901965876
16.981487609038098 48.83356466554412
15.627693717633402 58.25968632005129
18.515811115338032 45.173242661485794
15.414003828358682 54.540305992999855
19.682666970208405 57.0099227583607
18.31160078696969 42.647206428463534
19.469398745461525 53.77627645445704
16.191434392409086 57.48627852673943
15.791422683587534 52.42778509005164
15.435920202462624 46.14979534868836
18.820144740477037 54.51925880984304
18.398906810270592 59.1088226996635
17.67847189451227 56.53136797817487
16.71445128675121 45.614337420684954
17.06279716309492 47.389671543872545
19.86253758973255 44.98033599626595
12.217683699045182 54.20132032024201
19.532351435431117 44.54891796933684
19.702508181970096 43.74769690097314
19.997146599051852 51.86309081845678
17.62159403060155 57.749720621626814
18.744727631631875 48.74172395918571
13.39979296889209 48.836685348360206
14.875601983671304 56.68176121656308
13.547596847042136 50.40221723562339
19.894210892300343 57.4386014476969
19.248816878409556 44.13937181072538
17.5585789543789 51.66999053096703
14.04404921720959 59.9984322380314
17.532803887886224 57.61568334627164
12.5498964985808 48.112050946199616
18.21340449718675 51.01524565584829
18.326582801871034 56.67031376876715
19.758787687262352 55.80158661153782
16.304907191019517 42.40031076755818
15.253877268067276 43.06141931615236
18.504228452940243 59.879872748719755
14.394861204896795 45.16037829209952
16.36858912059132 46.891828254988596
12.55180706781162 57.08674229912473
12.989409583754586 47.309998631441836
14.727739013442484 42.467402159894355
17.299953434505202 43.27541573723346
13.746987819989837 51.13339608958451
12.829040217827753 54.39232715321683
15.34392080283795 42.31553696658831
14.148438957209372 45.35664095928034
18.03479449529057 43.24691262732189
18.974401253782574 47.41419866149266
15.711531234988591 48.122244838565756
14.878253477248446 58.49654298917058
17.93008255514783 48.23368204643981
14.414741665884385 59.20165870243365
17.794942077996613 49.14206165735422
16.12052556581472 55.35288439849831
18.671997603395898 58.52487373721616
17.466803473069174 45.03126100589694
17.78240553421975 57.96801857858896
16.637313052503 42.76741883867819
16.433115209311595 43.81251642631989
19.580373489041452 45.510520963012134
19.395225978402188 47.83385698901619
14.79561851677277 48.12162867526903
13.40528040071236 44.91745366165265
12.659735285484938 59.554963265807736
12.306907895473355 51.79982304656267
12.925178760934022 48.0001340942108
19.787592136757283 44.32170330463523
19.434396172615585 47.14613724272761
14.075692409054923 53.644481645407716
13.149452858710017 53.6452453024286
17.359333387754997 44.263842393107936
16.468452368862074 50.87452548907369
17.55504191265023 59.11291944288021
16.430377949884498 53.71651028625401
17.062666387729386 59.847025248952775
13.775731934218818 55.14324353083512
16.211949142935506 53.858416321848985
17.300113308918977 48.51289318492449
17.706631784085385 44.83671912348707
17.195572553154705 46.434808569244126
18.685677207006883 51.421634093986576
16.027618302584393 58.88939357593348
15.205674146125148 59.222739510300606
16.875165917939718 49.854492047343605
19.856128091553643 48.8768749963808
12.483909757427199 44.4412087962895
18.026113529066883 43.94343028750083
19.001572422170852 48.709440982993655
13.968943512743103 50.517261556396946
17.000833443394185 48.63957705913068
17.61569025200752 52.733422280169336
18.4813356063146 49.00114199031403
12.61883162267861 46.60396680490301
15.735793565788462 54.04331138618669
13.794826401863556 50.366033094457634
13.031733809129845 50.50483053196511
16.11666948526424 59.294886764318164
12.342131252771091 58.221913567157664
15.537960380040772 57.05952564446908
16.067897045193888 57.45514318388465
15.038084265181475 51.96060991309005
13.459035982425295 52.773679997819194
18.729831931307196 49.85736108756221
19.236007212143498 58.253444342489104
13.60576077731511 53.38961116121689
13.903158839135056 53.48339529339957
14.079080817865645 45.921200730941436
13.025442436751995 53.98976105889031
18.364505004128187 44.15443314312805
12.691020346976213 49.37401026965617
19.1730604706331 43.1215364205223
14.015403347052942 43.83221666154446
12.41752441061351 58.46286797290696
17.47543241308329 57.330811529600865
13.647994570451559 42.77920601256349
12.738486702623703 54.58762426590079
14.152365387088592 57.41850560232735
15.194786321389095 57.95576600763197
19.255756936272704 45.582450981933164
13.970958079524312 49.73260875869645
12.383101196361503 48.78007482486177
18.10278960835308 46.99268156543988
14.331761042833321 57.87971753468577
19.220444211899625 46.489082938089226
17.101457095647127 42.27787166248444
13.571338607090901 57.29749362096412
12.882458912880061 49.03166068353381
15.004988665628208 51.73501174340576
19.00789764274132 53.72644658048488
19.95141175469168 49.418718295994
13.882292553906067 45.640875056314485
14.300849054440725 52.53012849304941
17.39532324086285 54.550200968361096
12.146119818000738 54.9728553270437
14.901404239019131 43.50323736611927
17.694802496393788 53.04426904649374
18.08736639808089 49.59318040702969
17.961232461843103 59.01660998591188
14.5677171703207 54.045603578272676
16.10342384550605 55.55304713590023
19.643065942536158 51.24090481413576
12.244159676869664 48.56264549928257
12.800398591565035 57.88898809647847
18.057872164291894 52.44062752260831
17.525922551520388 54.73417379287112
15.18144028984803 49.174800718249784
19.858096008138624 51.39765787357902
13.128702436578426 42.14137354966421
16.527415435715227 50.32580849759279
12.22469038921367 49.093120851390665
14.459285232998303 44.76183763562568
12.182509327228795 47.136844457715156
17.427616945532492 58.31307094252809
14.736882554069364 44.067859561577635
15.199006423328695 42.44459473545025
14.513953408832506 52.37176329864345
15.595480744857884 57.571252120397865
17.899354698023018 56.91875752173067
19.467072095168763 52.65038614433169
14.895182887337917 46.78600514155608
17.895847049998196 50.281487240420674
17.788280543276844 44.079448698866806
19.520458084786547 48.80940733860688
13.51861860667046 56.647488875061214
17.303452821078633 44.88385144551798
16.067757386465523 52.55201124602074
12.08885848106957 42.21039519556296
14.2888962331287 51.926899831913104
15.610614807670967 47.783046353645865
19.340195321097944 54.41703746713923
13.730570583922145 58.96075139869308
16.55630047160288 46.06937584705304
18.742755863319864 47.876956858950564
14.342799305394475 48.11071804786144
18.991365232966658 54.45612688877768
14.781799828100793 47.23560668496303
16.381065188986234 59.99826414406037
14.411291020038913 52.25267239286146
19.29241173447917 45.0729641209274
14.134721594216149 57.11179926531838
13.31582999224251 58.73777724712738
13.850543542353824 43.09437816001247
14.098453281995827 53.51146100272644
18.131600349083964 44.527432600337306
18.531916767018913 57.436046919239956
17.194955778659647 53.993893130370594
14.734056942997883 42.18893741688854
18.120736204954508 59.24844653434866
14.261745129639088 57.119195466285866
12.008844787255661 46.951631492588334
19.21091705982738 54.58734874481619
14.771138616083851 49.61808491158994
16.517965211661135 49.35496931832232
16.72871390980707 54.82653874942763
16.350079375827804 47.39510456196276
18.66263052743069 54.90844998293784
12.158546362374594 43.88246096413582
17.806635462411343 59.90033790017496
12.377201557577894 55.793713762697095
16.550838845768716 58.73186687263525
14.856885004095956 56.929360548944445
17.184603651666563 47.03099806783684
17.947239826517432 52.057709978100505
19.212160486503976 55.32461920915331
17.52973960585532 58.404401528734
18.070982734700657 57.50371679738414
17.30290503110122 56.77190098164621
16.323586231608736 46.010271352510244
13.255502519988188 45.49538652126691
15.416320584644767 57.74462177257992
14.218200647664485 58.94839769584031
15.447070245078585 59.249236755317156
15.634007982110685 49.729358482710275
18.318471485625096 56.18188823765209
18.98570828393588 43.86682542004732
13.634100921192367 57.352436822743925
14.374925707173762 53.181863760070264
12.126137540727452 48.33775430440622
12.518401105905063 48.97950126405824
16.74935208844368 48.90469683282159
14.307676849559815 46.776431610820325
12.656270467567396 52.52541631162606
16.049503953092533 43.37480520768565
16.798717536474015 51.18561431440996
16.68621321797172 52.47469972886491
17.00383431924192 45.554989117134404
12.023409604329608 51.957278134555295
14.456283515729892 47.95419534677224
19.44622497715337 52.99544527860996
18.299710803106777 43.1285299932994
17.76220376785365 57.503163709953796
16.300240607663138 57.72852417842569
16.052901595810457 54.99384918509059
12.997861651205014 50.00990494433273
17.511381082420193 48.07469235083492
15.309248127951026 52.56565720759146
13.479419294712716 53.4426784970358
15.515965684135322 52.54684852645415
12.87924534962092 55.58015708418906
16.485557413732224 52.8159154109502
19.287377079525783 47.371487290149325
15.940104282711513 58.47449315346075
15.263944559869385 59.51992817012439
12.413403771636418 57.768627525992144
13.430567890188113 46.31585119725009
15.028305502663775 52.094534059670366
13.742304897775224 46.203857087506215
13.02556533108297 44.33740501499519
17.70116016712199 59.500351661879535
15.219820593304355 57.778552436096184
17.451082705477873 46.95341139295275
16.1418064669445 48.79595849742947
12.929136309703562 53.251377022753275
16.35603341756002 43.35866472611322
17.959722428054967 56.4482904464314
15.40389987797779 46.279335841104654
14.303600324646537 55.63553539316755
12.757330178425532 57.673505540247206
17.304686603966406 52.151054312711025
16.509427826223842 56.54845158553293
19.086519795108895 42.54235469828661
15.63093535985768 59.925560093753454
12.652291872412164 53.00454889153196
15.589670186557445 47.697389309122975
17.20471052129955 50.27251409309281
15.229145975675443 46.09531535204367
13.65007775180305 51.85839366994789
16.833735152026648 56.89596459817697
18.177774705683525 48.06988944330871
19.596028563374322 45.211619610975006
19.306288197691238 50.770175526494604
16.28083311893541 47.00543811608774
13.107200508744377 55.083338298925845
16.09900524191579 43.3353927541448
12.799753644093805 46.142319768795595
17.98968531883409 53.566346352553005
13.469521218304951 46.967864287837415
14.290757068791233 46.323866825859305
13.532706906667553 44.101980651793205
19.222110919933364 55.3581782906701
19.83770433989267 43.57421104700114
17.886172847927156 52.581913404304196
15.441222719485715 55.46528381562216
17.44535169986802 42.97398321885082
18.363255228624915 48.78165737271722
18.697334438769328 46.52380152625151
19.195598084106123 46.194636515461184
13.836882754584664 52.42370307471151
15.896964657145475 56.29756125941066
19.031328996586204 52.70511348181057
18.906484909751292 46.34134391016783
14.736212121321593 56.66514661929463
13.795901525935676 53.670196920825425
16.8749313208122 56.7807297393465
17.59184606538894 55.95603670472943
19.729815275000085 57.63807100249784
15.98657410898009 59.392933077453115
12.765292231881414 52.00385797882346
50.103989016447855 88.74020676588059
44.07136783068588 82.2100148595857
59.85653304857237 83.60977192382313
40.368699678580334 73.47010558118319
44.91357434566783 88.11102889226134
46.473799469822104 87.73736100649961
50.85680225111143 80.29158916339486
46.20285478459307 75.8295278712793
57.56400997754103 73.81150161186508
41.32505895323756 78.87523893673027
45.538718605058364 71.608452927759
54.11882097274625 73.02786799573852
49.41888901695562 79.43842666491929
47.024314635347594 76.48186597488328
46.464201577526715 85.43337891276914
52.344822469689625 76.29225206355149
58.65846612331119 73.1758589900369
56.79761603230153 86.87667111180761
58.797096293725545 75.75544029383543
41.42893266750113 82.18825121075227
40.08400228236112 71.26604835801606
57.82395594843328 88.798740888309
50.616576047901404 89.44068542831447
51.11024482110402 74.52488150944347
55.20650597790504 78.6759815324226
55.72300720180437 85.57370341531347
58.90178824865332 89.90968034143026
52.12319031821131 77.87757242381707
45.498937830232315 81.18046576761047
42.62592657107843 79.577418797228
59.347481093549376 88.40920702345576
47.47632677275451 84.51376389895202
59.029592956701904 75.7751706805411
45.280678706766935 75.49577369174688
52.16615262897754 72.67084677410082
42.153343914641084 75.36448047336359
46.70982657044668 87.46465386515654
43.71675327616219 89.43161116720245
52.65752588100345 78.42566774505687
44.58591668047059 87.56197535887505
42.209480717814934 71.69729842130353
49.824459531603075 71.29894844160206
44.025229397487834 72.49913798955649
54.96617509426021 72.81915777649222
43.47945358158427 82.11811083912423
53.77327187640973 88.88765959572066
59.67521681187034 78.7729651610088
56.69068474150876 81.92053476601035
55.4869849147461 80.5553358236929
55.42692243589479 76.18215097314955
41.946377881501434 81.60816437548372
58.660976703699085 83.72872242139715
50.99076443010372 77.89544694756142
48.61727756002988 89.73763634018323
59.840226040938944 88.89957790119914
41.90414666978617 88.33387656452182
57.53424357334622 88.64132209703978
55.432762047714604 70.4672814787048
53.38989165907091 77.54993152580977
42.082579377644535 73.70571175313624
58.52786786391177 86.77735395994503
42.607765669303134 71.10749302987035
55.69801083990658 84.96313321769017
42.64790681458463 86.6570693668398
45.693427307837624 89.7548702310322
57.35716656142945 78.65065212513449
57.456582449245445 74.33696324173407
44.4254402637843 88.08815003670819
59.65838386089066 82.07708105887221
48.90898890050569 72.34381800352475
46.125289029717734 87.96592013033425
41.1982774849594 82.1362112309964
45.57824376770737 80.92803872875261
58.09704780614032 88.63641409382788
45.37703856069352 71.1685584052678
48.314279887885434 85.80438307477016
54.546613549354035 74.38864729931498
56.92643873243398 84.54235242787908
48.7653225493962 81.45162825215459
46.251423710287156 76.3078766834504
45.53644333116087 86.75205516889667
49.43357348228402 77.56141115311618
55.017498474959375 81.36725171273952
48.53414622700816 89.12421630638423
47.19423561030371 70.0088989372396
54.40263572581195 79.51867369205074
48.19350268710231 76.17816645911932
50.55679091080696 86.56962434014261
55.08628375872628 77.59630280951075
57.54087211446219 72.39044632683543
46.36722664312927 80.55698963716615
49.48249919669413 74.37994041890359
55.455644715595966 74.8716489419813
43.48925729704584 82.47866513879586
42.00242428135386 74.75087903407845
49.86656373399442 87.88551805341856
41.86073499368735 83.51289206473626
45.71911218683033 79.7009045144994
50.88407043725048 75.32987957457466
56.92843577357942 73.81264058050796
50.86915799178992 76.88195244805523
57.025082574140285 75.57192390516474
54.06571637308923 72.48773830460989
49.75978785151941 77.90024146092757
56.58655661830612 70.13987602104741
46.33934300438121 81.09669927730052
41.459338738239786 77.82079344189088
52.76616319620259 79.44734459363086
48.79301972774951 78.33205206564234
45.344469465973546 79.61387070701045
51.04113324791415 88.06521237467851
44.781760112982276 85.58192301646525
48.62329085989295 89.17273998257235
56.659149604311075 81.35061362178088
42.213444163538476 89.18377797011945
44.14728913050296 88.49871975693293
54.62141437133437 86.8937904007227
54.821352252839446 73.28079759045107
52.35188598202645 76.27973984684886
49.75000380455458 84.04478590787761
56.89004339514085 88.71663092986721
56.530085529541964 86.56965584404277
41.20782143223133 81.8331824324691
54.79429686990231 70.87194167741498
40.978175661392164 84.9829893007265
47.93182974330201 87.38704807235442
55.43052548891861 72.24469532893167
42.75227917750663 79.22224006995106
52.06904619351427 76.56916298950406
43.315013111872084 80.6174022767073
46.540272507181456 76.83476623989533
54.270232724943014 85.12017957176558
59.21975342238879 71.18471581407715
57.058586407645315 78.71499665825827
44.70688427565882 87.438820536689
45.07803846437546 88.77032303192178
50.16487022963007 83.40170324757393
57.22489723575874 76.73661216871683
57.23936897798697 76.90033223435736
53.51698451377264 85.42851494029176
40.38837759261754 84.16242084700892
58.48718519758739 88.65325332535757
46.86422829870136 86.4847992957774
49.28518260011052 82.2090724345385
43.63827216850884 74.29756780715361
49.854515017999915 78.74979827693147
57.21452407051352 71.72536691933128
43.69999509231751 82.13519244958647
44.316576627022684 87.80826170159759
51.49508699646768 70.9437357089236
56.51583110643914 76.80224387950446
49.826364628218464 77.52020859336113
56.82211260150933 78.11903263784006
51.24995922327491 87.33202396974647
56.50378968752996 80.5648004276336
45.03334177718745 89.06572276094573
40.58240288404953 82.75777281352248
44.534862808937596 79.46102975398624
44.208047959011694 77.31580143035974
45.67682927195315 86.59962978953195
42.11453739336065 77.77218964413927
47.7849419925434 78.3526991131073
50.64376532092154 76.82323933923945
57.281580280824045 71.78594631475664
49.27060769880303 79.78430151172462
41.060363612593136 72.86193577024628
52.52590218071763 70.73577721729384
44.66112940003502 79.87369068664557
49.02547691201542 82.008049035411
54.01068108044773 70.65140104255259
41.37162290904109 89.15702188255858
46.54895416824098 84.76147861302701
51.458469103396176 77.50747662627975
55.646610393065956 85.47949693760754
51.11355368056054 80.61468254001491
40.23294803931725 85.73732098408651
45.09216605802008 71.38291604929103
51.365836555370784 70.7323460982572
59.447832055024875 74.06747459124873
43.306903625861665 70.04133702181687
41.76864955730231 78.14611569323027
49.09488148418502 87.39168259571879
45.22683270427841 77.70481006397537
55.19646998097933 87.37900951156212
47.549151891526094 72.54222395677172
57.76884860381361 72.53264902085745
49.29550700471798 77.73872382214051
57.93709190976446 87.4727029892621
45.33787146887591 77.77193472494115
51.24345114981285 82.33281183034124
51.12156702973305 73.03585802595045
44.680760729658914 71.89177765942394
47.34352188887991 81.2628041626048
52.67150931147928 84.34058834978201
42.14197435659336 85.27198335748416
47.7742942257387 77.02333287123378
44.39480636883174 76.08115912624066
51.86146352552107 76.75912452409989
49.31571966427552 74.28313285348906
55.32995974166201 71.94524646040003
49.76429863952493 74.63770535108267
50.907944589366025 83.2936641094338
53.875494227044726 75.40237496990298
46.62455537171053 75.52590246425264
44.236078815596386 74.04231592218756
53.74182891624128 78.8265115518583
47.25092155492377 76.72742252982009
58.32427978599196 79.76942688074429
59.942370624544914 79.06906668987266
50.97947499738817 70.9488441646585
42.76370780291462 82.05387475930614
43.15253790369681 78.84204822357994
46.569711032516864 84.89634757932545
53.817398315230854 81.5015877163169
40.12880261725824 77.14530864406507
55.359704503388784 84.52450337118186
41.71153448438452 71.40739927719025
42.61827712593486 74.3739569296089
44.484999224342346 84.51788296193767
58.16471477482507 88.13952427409441
41.07452824481417 70.79823215597284
52.5216901693183 74.47683913592576
40.8874318905083 86.88804360359994
49.505747465158976 77.65905926136746
49.487500809031104 70.67688065971774
48.44445153317601 86.57366763609338
46.45057078745939 89.00897163836973
45.54701672758058 83.47270000112144
46.313287065907986 71.58673190104405
56.4144677872702 85.11532453505478
44.27035542774165 78.4052046957581
45.188478091972 70.43453625352426
50.932132579062845 89.53332988949103
54.42509239149604 74.60693056724043
50.56693692828404 81.15564077049666
56.539255805072905 85.59573988138257
40.90087659760832 75.91517620831551
51.560870583329574 78.99406907398448
41.72408333423959 72.12259560528025
41.149552422952944 89.26264840339013
44.68411735362902 88.22407274801746
46.417346213883995 76.82416798883227
45.62602094555676 74.87311856853746
51.06052655539217 86.18673055806939
47.70377398026469 76.41888489709844
42.74681677223592 88.27973749578972
59.26055364094701 80.09834581582935
44.78396535227646 79.7305655293463
46.95904320890027 79.50942848737112
57.076278893566496 76.39916013976669
45.19574663403162 87.17931972930432
46.98484973819254 73.30204216759176
47.349145657234196 86.13397559938363
48.304212933184765 71.80128573828195
52.82511937294692 88.69774933423517
56.478305984075014 77.5624062838251
49.9637091742067 87.94867673903269
40.508004370429894 76.87229960877211
57.7884285316557 79.79285131677807
52.46657848544201 70.3393634285378
41.398475859984345 85.61395884073971
52.42221045899111 71.32389287213027
48.96569925693663 79.24722611740349
42.57372835607324 87.55478430293842
57.56502557550164 81.10812585827136
53.139191635617806 79.34406138854621
42.87930441651155 76.92255309175027
54.91126976712354 78.79338685818044
48.468667223451014 80.95034198720461
55.126234672841946 73.05495448762834
40.835429620035825 77.07475320889091
58.16089230854115 79.50066614962842
52.21051692275253 72.74178285186981
47.09062197615743 76.86097011158755
44.373352660842244 73.13499672108057
46.63565504735958 84.70238163461076
52.731792575575824 87.66331508473041
54.20788784077621 75.76591847050335
43.11271523127642 74.63058852337605
42.006406597593724 80.55778102042046
51.704291809775256 82.94551517897213
49.69740366851731 79.0260718007764
49.9876267798101 71.19070664921956
47.247793697776885 85.31757740088571
40.71886861802185 84.44649258285386
51.75039687759967 77.8012587269712
44.58825157992759 86.28548349719715
44.11196043298172 75.51718140062817
55.84640649081795 80.49998246473197
41.146475373649466 75.48517708966236
42.01386786576334 72.68191496550772
45.9206123393172 76.16172692026022
40.60138449485961 77.99595807132908
55.300497438301136 88.15503658012678
44.39517897242537 77.96826984012358
58.02245811491747 78.58880827586233
58.81165999033662 85.23186198171477
51.43617928646749 83.24191188575595
59.895397455000825 84.09112362910389
44.51035124132942 71.42032309810483
45.263226307196625 70.86466404866876
50.752153878873706 76.88227912376219
43.796587505642904 85.46079879591508
42.39893293921224 71.58354393172844
45.7421845048587 71.09798629221456
51.693737303773894 86.88518622575755
55.096672034433126 88.41858189114944
40.91634317670703 81.6707254944687
48.67410373933707 79.90493135007749
43.5270109782004 76.13179591660807
52.43520862781292 72.18104356469992
45.15003512218397 81.04515869319292
51.02392178906119 78.58377515596645
44.600331720569 74.8665651983236
57.170672579015374 71.64247987760585
51.63393749922665 80.54818089687338
54.97077494941894 77.1851703740127
59.19261056157756 76.5681186870348
52.46213603268093 85.34938635281257
52.22900928871972 75.12198558455253
40.46906007589878 79.98056320934546
58.463059987346284 78.25442307394049
49.70732284491109 89.76430113672052
48.4555348355786 88.78734034133792
40.75918094581913 80.2282264260505
48.45501244467701 82.11050545143269
52.02226395182325 87.7533390824045
40.83476508246429 84.964287926682
53.18502676680841 86.17673709335834
53.990608538528924 71.67498316412937
50.04124595263174 89.51131932774126
57.15964050408158 84.54356372834657
56.390867493653865 70.62993743650753
50.041622946516966 80.223233567621
42.239138933653855 83.80061957413824
43.57962446335068 86.30239695650056
58.552091338498656 74.50270456589206
57.17456993951599 71.62689198867021
49.11165446952631 76.05052155411968
58.08321750233145 20.70651433531969
60.4649760195825 22.660316996697265
57.241743588985614 18.682145683519874
61.79216072929287 17.70305855700131
59.8226052145265 16.632538508812768
63.78129246937024 17.759574194538335
56.11588921523195 17.7229099517911
58.99978728055815 23.884411751591887
62.037444621794904 16.939418305653746
58.00855767435619 15.046338514464086
64.09807975729866 22.04201112506239
56.006322707314766 17.52178272798502
57.57077276733347 21.484158286214388
55.28094254591016 24.147620476748273
60.81261976774442 16.651778689033264
62.423281481124896 15.426679592117138
57.9384338503287 24.26664364265939
60.99822748062162 17.935007586558527
62.5420666655979 22.702581836246026
64.59252320165217 23.867832290874027
60.86477191016484 20.216957884537056
61.205746200432934 22.735533528863805
64.72406242166063 20.344619220779588
63.30596555163039 20.022168352665624
62.658955380185255 21.4812846678414
59.20233930540891 15.486939147797852
58.77150791967262 24.491360798603523
62.43497212276342 23.096993015745497
61.95229080701161 16.71568132101735
64.60925009269462 17.012355431067007
62.944298029970895 17.031851160978597
56.31044928077306 22.258773438730962
59.05950481731108 18.248665693187398
64.7946668556898 17.441943648841683
58.92944946580751 15.259759029733454
58.486314934376345 17.038014100278783
61.952385922696024 23.292688293039866
60.77698800172718 17.014806016052322
59.868146391203595 15.266627632669756
63.312654458470575 21.766551934234762
60.09935690224789 23.164848598176484
56.51863307772991 22.41742220550023
62.449043618634946 15.302529819936106
60.39947023636561 17.53809327251152
55.6383617320497 18.77547019854142
56.997026408840135 24.061679425697704
56.83322487591622 21.892841115770572
55.20428274554125 16.858954094661893
61.05642217402122 23.108250783815436
55.52729805211919 23.55917046745684
61.70544524761972 19.68452039717871
61.60786796717849 23.11101230615872
57.69896987684045 24.452763604892194
57.26673574542642 24.48484336717634
59.25832423957091 19.331166016437365
62.87643576643216 18.366143825396424
56.62265383137423 22.454889021341504
63.7669939371307 17.54093066595216
58.06956780980848 15.644459613218705
57.738127601853634 15.556578861907017
60.00469726847036 17.34622129682329
63.02691421144528 23.43251272015737
61.74518950445172 15.12728008748296
64.23631381697074 24.164718498343657
57.924652266330774 22.408749078768057
64.34988729773308 21.203982859727837
62.14402094099883 23.129277453270507
58.14538525924908 24.953960206320453
61.213437516892824 22.771745989188876
63.32165953779025 17.395172299445175
55.15760700989041 23.757192066018455
57.67556776925992 16.08729140745696
55.814589823140224 16.391191469753306
60.56868043747392 23.645791040952616
58.44632416454593 21.900564585792303
58.95193898519223 18.776426023900843
59.19062618066451 24.652470045707318
55.62390988202726 21.17954636317619
59.98887402347791 22.274462216197847
55.57993058649472 15.169401088385701
57.100072246667345 16.072787252616646
61.65966436574057 23.095652045549386
63.85190288168151 23.584952268266015
59.37273043957783 15.699686664569647
63.445538408175004 17.8417449361255
62.60478601539801 18.174673154024205
59.72275026552779 24.07637504637988
62.69378023727336 15.782352919160479
63.33534820636363 22.125644464378002
63.627139519887066 19.912339005236657
57.37909157992794 19.923276775794204
58.785493766907486 24.365487129943737
63.508948228334496 19.95274088402139
55.98431958986829 19.57280610841655
59.40627167153129 17.211522895309464
59.42355743055488 20.611340956783007
64.95700524968942 16.65689967933788
60.51801909296142 17.67472720663903
63.33842447627153 16.41346373821168
58.16648542267516 19.342165203250154
59.025047431020965 22.95023572086324
61.06197698151743 18.83361807536688
63.0179068194159 21.149100867020838
63.83102388307135 19.354958045498357
62.379509445990436 17.636278954959433
57.575233968941454 15.573717930744857
59.05425486042056 18.16804527142228
62.6175153401549 18.332282174789725
56.549018796808745 22.807087804238044
61.70988359810612 17.702537335588527
61.796359599931094 22.249457839861005
60.198267297476534 21.235533834338618
58.55986316662323 23.651775143573683
56.4694320405576 16.629109397697807
62.99718133087893 19.131134999679208
64.83920268720381 18.104905843246513
64.39304543647698 16.40760141664786
62.70239985861926 21.531273633758367
60.099594599084156 23.271580949818997
56.07674842980207 22.8576146553903
56.42935293376786 17.772513965268846
61.442586471781524 24.777837208006826
64.51668713343355 15.756593380874325
58.65994872004438 16.296362842993897
59.97072847817702 15.966856726301005
61.34524145581446 24.221423794749928
58.87165211619091 22.881082551788058
63.275817181853256 21.50074119609206
60.114176659008855 15.071885176481585
61.6641238304517 20.450517928034618
57.98045416815413 24.349001374216925
62.01960687177513 15.461146584494658
59.478402633792655 23.687773363917657
62.5828711673205 19.402671964740602
59.68509665892422 17.08714125917942
64.76830140719812 16.010954325681837
64.3689600761093 17.55206668585882
56.214934346340044 19.95779372028299
58.68201265484677 22.370328595333262
60.001052527156126 19.306880147649068
63.67000995650074 24.041622003600033
56.6372961053552 18.291416514865126
60.18535504532824 23.850955226695348
59.77734253027835 20.649518535407196
58.008674814101155 20.63008344337366
58.547231082354784 17.87054832446365
55.695221405222526 23.35081994920116
55.53735121460203 19.966127698747478
64.7348630100962 19.075733898164525
60.866069455873756 22.358403425977922
63.031135991304346 24.026359568086402
62.42637881211469 15.727150532501735
60.92233999552257 20.207502588558615
59.445833688207145 18.726279252719344
62.48302173619129 21.99740134430476
55.58454910417992 20.689801793906135
63.081730494245704 24.967606404934315
62.61251329317589 21.609994231468928
62.18516190929168 15.995078983843417
64.09599552299034 17.5317000477405
56.371139919747925 21.186863264464286
59.96670486297674 19.657784456037863
62.78074284658627 20.6299331621191
63.67794927696201 23.22508313987109
61.33932685114828 22.354127396706044
56.59211100281944 22.76402524935148
56.48122056552714 15.77079252634178
58.53965463921208 15.595456824687648
58.26509818703014 23.001474587959517
60.03910966908326 20.764721193170402
64.41987297294303 17.82746622881044
59.97617149322906 19.13851374240827
57.28115499158639 23.233699789340342
58.496387656550645 17.138357212619105
61.7241875576058 15.921061147056845
60.55751465080574 21.56468241024931
56.80624923811505 17.064787216991206
55.735698597076336 21.154050954506374
62.76952135409913 22.191591032667063
59.8033930175982 20.785151663623694
63.13978034039437 22.980525653307982
56.58791434657402 23.45512416143109
61.641190256030484 19.854697634111286
64.39624658386623 21.22235868675149
62.05437624330357 23.603709101087965
55.973497105219195 24.153517031285453
61.36984976031823 15.62082232696739
57.019015552004845 17.70640930970229
57.55849116962398 23.984993936781343
61.00440682613687 20.26088179427076
57.416707350436624 21.970975533593556
57.262252575958556 18.525555227165476
55.53236958495782 17.224800823521267
64.97202850728436 15.223667392402255
57.537420340847326 18.8537309805493
55.64058582013419 21.289254739139167
64.88231806714136 18.84606284181971
62.95280541946961 17.03502283434222
61.4847465596298 21.305146552941732
64.20525456828393 17.35898435373136
61.327954584817775 23.89506250178274
63.89244704122551 17.395029382360377
59.664428746802876 17.719335600799322
58.29286426109929 16.882651563404554
61.016948431238305 22.260736609238947
61.03378377212428 22.097236963648502
60.97455525202557 22.134069980217667
57.48740950237388 18.980691121828308
62.99100540430473 17.281050233393078
56.53781588823339 24.083865149842513
60.78826016663757 19.594086029468123
64.43786243205145 18.039356027211745
63.2270169810066 20.95709830052017
62.85400840219572 17.48974845655695
57.23225238225585 15.873509675247114
59.7331125385118 15.483832012937473
57.22399804408355 17.908621771681815
62.29927824251163 16.426100445013365
63.37924254222837 20.695845602110396
57.3509094942475 20.639588686603624
62.870092952121745 20.23006346663451
59.342147781091555 20.719322886447895
59.29207631665839 24.006564474537576
62.33199999206592 20.573990881140425
56.822414442747665 18.89442744047946
58.421584618916306 17.012202744548002
62.594648008699515 23.573821307971194
56.49828153154406 20.006114916675006
55.384954248636674 18.59729795235634
60.06750518454199 16.32233074551411
57.54943996181627 19.61327824652225
62.97273536151204 18.17554613462615
63.52957552974597 22.47478801403537
60.790488058910725 21.88329012048399
63.57964213647395 23.938159203708736
58.536298052076845 18.37350275823071
57.01690823696251 24.19951459485304
59.3996048984282 15.909546853743747
60.7532729651175 15.915484394098042
61.50881455460594 16.586723893891833
61.39284890792714 15.09331393789069
58.888306628254114 18.572745971721695
55.468272636171434 21.77600217540697
60.076484132787684 22.328328238097292
64.66204527563515 18.318176918034588
64.09614798082637 16.95408473700551
57.46732292824489 15.990605667818404
60.477843613699065 15.368465200234613
62.51942607539294 22.82306098524986
64.87591402956522 19.68250966903453
62.81383118040241 24.069004486957084
60.42334994568718 17.314622097564513
62.796684675681604 19.735966497413944
62.68558824251932 15.702853501058561
64.53270534246873 15.098215527212178
64.29034868021893 22.04540502327724
58.77255962986552 22.605248045534196
63.51103306597652 15.94960126511466
61.07597652067658 16.466104373429527
60.62703167652678 18.613876892621384
59.34058367308978 18.372516768451298
59.64165076173295 24.664085639494314
56.790932794397996 16.234846478055417
61.39367107168827 17.36252275562273
57.998529679955155 16.36742166521325
61.06904283551285 23.6200400504
61.207071575858194 18.999856501661387
56.5248288423046 20.968717730291626
62.76776682628881 24.427377128866162
63.6842360155388 22.368990009331597
56.60596488377466 22.52239655233288
40.468342475096634 30.3771951464917
41.48593550748669 31.393485245960235
40.82320130654301 28.48517533832763
44.84742464074438 26.68897585894871
40.068421863047845 24.028991019254633
46.48361177166426 27.859834722089765
38.10711286674959 26.31111839149755
42.064018236518805 33.999302679316365
46.119294480801216 24.642536427156184
41.8908890050284 26.235566915077975
46.08531723085616 29.686470798375133
37.220938300778855 26.16821856333278
41.95731880559609 31.22198258568322
38.0353065247612 33.22526123745081
42.16327637334202 26.651736616586025
45.277976755981896 22.993893290373443
41.863985323240044 32.972490714974306
43.25922972586116 27.28861167199203
43.45938748754624 32.03131607085186
48.342085919139976 33.734265763164004
42.86872193874669 30.032242378566032
42.919771165478366 32.47314377246525
46.69713699071809 29.817236146768135
44.91687099577488 29.80324583851469
44.285724212813776 30.66529803806958
39.23700800142273 25.16410672547345
40.895426523878925 34.45470838533252
45.237241518001795 33.20716254631256
46.81838198243227 26.351736642679448
46.557975783949445 25.018062629972746
44.7216422701228 25.224498804303778
39.76163846048915 31.617305571680276
41.61587189590611 29.048829521589276
48.389755111742176 25.822902630390672
41.86350514477526 23.07769581050153
42.47280593080944 28.514739146170125
45.50017570519984 33.4388000196474
43.44229506960197 26.917466650682393
42.426392554447915 23.545598924581356
45.59943963635034 29.63749900346425
42.79249439124079 32.72929400911728
38.9994487628982 32.05639028342863
44.823223483616545 24.681561250382444
42.0878201155861 25.912858608333416
38.09741131946579 29.64324946363152
38.88036541451203 34.45943643017414
41.73490903630068 32.56585671949574
37.868614640165774 26.636703506884952
43.79288685522272 32.85071762191271
38.01704076380908 32.78093123734952
46.165377641170394 28.416356434927724
44.88821729809534 34.43949164190536
40.00214374175822 33.08659047371427
39.01339593390621 33.722347620546884
41.22570941393241 28.735395483355305
43.444216539139546 26.99587926191741
38.19227962474511 31.838839053230796
46.837471333275154 25.103011731401185
42.432826601698224 25.630412134757105
40.31209952308254 24.941519077979358
40.36265795305718 27.595674250713994
45.390194363029075 32.337304406619104
43.78825678990519 25.646081845300237
46.69443664988175 33.02608921392675
40.364161463399604 32.78948629972831
46.85010406141362 30.572028587235337
43.169055518125546 33.83728505719044
40.35118342207684 34.67339706803725
45.44303439970567 33.090007848604586
47.140939114931896 27.099397613089913
36.3017365988295 32.73584609006936
38.3020609507716 25.07259124851958
37.73984062196331 26.924940922305645
43.18389458252172 32.40342187279032
41.93918340742228 31.645148647018566
41.08308577799799 27.964222926236268
40.99055697231501 34.35744129020482
38.675226454474924 31.150758074560997
42.46301464648969 33.41932055044157
36.39931747254653 26.48240972373229
38.716268810943035 26.35904327155742
43.5195399456479 33.96393235664883
47.013723574139576 32.26018879648012
42.67025520337273 24.97687830951149
45.9109965752179 26.51932851776366
45.66370820486311 28.279257569714623
42.593715781409 34.04323887902815
45.562467805358196 26.47707967084117
44.3621676959242 31.999817999040836
46.08182046126201 29.558354229254547
39.47740517076636 29.92769681461258
42.07295274715964 37.56130985849644
46.56396334910112 31.382121352910715
39.11306383086129 30.054723428148193
40.52206299479626 27.07943309438797
40.83408533256781 30.43954631301859
46.278484680057716 25.42166573835867
43.56377876005096 26.204620239280267
44.434701418479534 24.027045944645813
40.690427953812716 29.52950747464319
41.52688439415252 32.226841086407475
42.97247151877397 29.19075267474335
44.47476119546943 32.08381538270994
45.815543820549806 28.06554406802155
44.42209058780628 28.096784563825565
39.601898433662114 25.455126577569747
41.614414403879664 28.821016488306164
45.979328002485985 26.35454868205632
38.167952100930144 30.146695804281773
43.74507276273555 28.18062673603673
44.13575140513719 30.624798286220674
45.143940383542805 30.60276886590478
41.467577588552814 32.34672698924561
39.40645258115575 26.868080693310805
46.2905608107949 28.980766028776515
46.27490312304314 27.975682677511124
48.25045006553017 25.96559188387524
46.08707776925738 30.97864471381085
42.95785194745456 32.91638472543316
39.966836324095894 31.643231115304097
38.634426033905996 26.8089544598726
43.77312618367162 34.21679731534247
47.36776909665011 24.8727506400775
39.96195138699823 27.785990359705796
43.887364286074536 26.980989013430175
44.404647900430945 32.77133670202455
43.69292210277851 31.759778081270333
45.59502152589643 31.446007705418292
42.23375460084763 24.071178345237065
43.995874906997486 29.306878088297054
41.674946420314896 35.44245573461466
43.797592615150556 24.439592643154068
41.24201532947711 31.905146448647017
44.407112449038095 28.602999053507297
41.62313199563208 26.91046120071625
47.86022274444432 23.550198798689813
47.32639684393078 27.695706697128102
38.531624829910015 30.626325436286592
42.39060779577038 34.04075807245363
44.058710030257515 27.65565177106388
44.63659394055005 35.933521260266865
39.09345830079766 26.798053680105255
42.56182262319374 33.425596049425366
41.02294677281863 31.149363657321512
40.002461263883404 28.390730332679897
42.06851829138077 27.96009327180139
39.07664557707949 32.44635743190422
36.43175577147081 28.931133421945557
48.224400085253784 29.165714573642234
41.14151907488808 31.982468343047437
46.14778338511785 33.55723031674766
42.81341341456929 24.62517706037164
43.14891306336631 31.061761427565834
42.87125598454278 29.65485001341736
44.20205576644401 31.20556461969191
39.80640443724226 30.247390984728217
43.977730866522776 36.65169649865264
43.26136663210521 29.351097816116685
44.518442179843134 24.62452181370822
47.30353068915878 25.012833445131818
38.982545896517536 31.191853684054635
40.78038958926576 27.240164432711488
46.62450867337999 31.019412183694794
44.91894365098415 32.05801042673081
42.50724878118996 31.490705193440338
39.764645295797116 30.834914407097124
39.033368026482215 22.638636202477333
40.14939293047341 23.961664857459432
41.91789642519873 31.647084190531757
42.240498184896495 30.743105289254732
48.21457666267917 26.458504450894548
40.81595379664442 29.091195379123892
40.35049990224961 33.24974307083244
39.596444201927575 27.713850293119236
42.96085205099533 25.144932590106286
40.9742263222567 29.19613147361909
38.99008047053829 25.47790700850316
37.56071087318254 30.389226204421664
45.12733948966035 32.49786025448104
42.476604739740964 30.838238395044133
46.846058346515335 30.607438318172548
39.08230043822188 33.17910218390551
45.325390415153436 31.2903959558035
47.462816493999114 30.660884813531695
44.959280999510156 33.33341852880953
37.862090004536114 35.2751697499324
45.7298035507533 25.2396969970099
40.537215827276924 27.514195652748548
40.46305676354585 34.04228389324173
43.89699646840805 30.28655950011438
39.06614663260672 30.72977366834067
38.998526290826355 30.091085666894354
39.569464231344995 25.41041203981418
47.16726113941261 24.585392291457218
41.79496810986902 28.328220926786738
37.312989766755436 30.105611948474863
47.04494880330876 26.38045058468914
44.54520127652842 25.409313138954353
44.794541129583195 30.49207364830567
45.819088437508114 27.096767629795075
46.029551688772216 33.111741925761855
46.45100774934087 27.075491467182307
42.64495035064438 26.53353554217341
40.039571206764705 25.990425618973525
43.31636782659838 33.284989283682826
41.18443285195611 30.42636350618795
43.48686249910354 31.02439934831451
39.731055610022594 28.08997241357887
45.10959531819408 25.754881030272706
38.39185135517347 33.54983624329612
45.39492337387627 29.485346683810175
47.02391491654825 27.169259524768805
45.480670682588254 31.26355423819603
45.03347795289918 26.02620425146021
38.95413412439491 23.53305687009862
43.154941487414476 24.47212810033143
40.235275517139584 28.41231676681296
46.59228112020723 25.92784898039113
45.48862084783404 31.04654853746283
39.96052154644598 28.535823934624737
45.475310227682115 29.511768686244906
40.98345419353457 30.49228844620707
40.65211739463233 34.6395531203992
45.513913380542455 29.358471478130497
39.209945550055295 29.477923817364207
40.3135457221525 25.718123062831566
44.21389866530144 32.9780066183984
36.917492239659126 29.157511877822426
37.42936105584191 28.516273525336963
44.884952933977885 27.731893729154113
40.56161269588278 29.865428843160263
45.67608592999943 26.21001507870417
45.37813476337515 32.408072332059376
42.28180231745201 33.57810668556205
46.42550827658586 32.58332272581444
41.073809102506075 28.283390148379567
39.88275199762644 33.73260037394082
41.87060855906282 26.014775221840782
43.32409669047803 27.124169692754855
44.119235540264356 28.444748133476416
44.62465430062718 25.220222548903507
42.53494336798778 27.24520232260778
37.90852830298685 32.190868067002484
43.6350021428536 31.91505901491853
47.94224450458665 27.300685838826688
46.86408486670861 26.080303856952582
40.79536216376662 25.499508043256945
44.35771047077276 23.963598018933382
45.626917108134705 31.863724079435762
48.773743548065596 30.38347482058766
46.59312917477172 34.29745977897531
42.6930876606917 26.86226280738127
47.32842174857639 29.617657821766944
45.10929979150865 25.47746837894415
48.233403825421384 25.865427801723214
46.483073528616785 30.292483296996203
42.31126753890193 31.777989261324407
46.01945942051761 26.442094358378604
43.8975121132287 26.391716638776867
42.60866840640277 29.054582374451957
42.89049975405748 28.510041554566143
40.14479333904889 33.49011383018152
39.99897341609098 24.977140122686258
43.56362903918905 27.47019721654522
40.74799127593905 27.02066035921758
43.531124033810904 33.68693521874843
42.34643061788357 26.723546905399797
38.11436297441003 30.974824368185075
45.86490113624759 33.88666986977283
45.2457355417702 31.764566362310113
38.33253331017462 30.671340835231735
